          x yes maybe no unknown status
1     2.871   0     0  1       0     no
2     2.654   0     0  1       0     no
3     3.060   0     0  1       0     no
4     9.074   0     0  1       0     no
5    10.076   0     1  0       0  maybe
6     5.146   0     0  1       0     no
7     6.474   0     0  1       0     no
8     5.851   0     0  1       0     no
9    10.103   0     1  0       0  maybe
10   19.963   1     0  0       0    yes
11   19.584   1     0  0       0    yes
12   18.744   1     0  0       0    yes
13   19.665   1     0  0       0    yes
14   17.932   1     0  0       0    yes
15   18.853   1     0  0       0    yes
16   12.568   1     0  0       0    yes
17   11.268   1     0  0       0    yes
18   10.591   0     1  0       0  maybe
19   10.320   0     1  0       0  maybe
20   10.618   0     1  0       0  maybe
21    7.205   0     0  1       0     no
22   13.652   1     0  0       0    yes
23   19.747   1     0  0       0    yes
24   17.553   1     0  0       0    yes
25   16.686   1     0  0       0    yes
26   16.659   1     0  0       0    yes
27   21.101   1     0  0       0    yes
28   20.018   1     0  0       0    yes
29   16.659   1     0  0       0    yes
30   17.715   1     0  0       0    yes
31   15.629   1     0  0       0    yes
32   17.932   1     0  0       0    yes
33   14.573   1     0  0       0    yes
34   18.203   1     0  0       0    yes
35   16.767   1     0  0       0    yes
36   18.013   1     0  0       0    yes
37   17.932   1     0  0       0    yes
38   17.742   1     0  0       0    yes
39   18.176   1     0  0       0    yes
40   18.311   1     0  0       0    yes
41   17.878   1     0  0       0    yes
42   14.654   1     0  0       0    yes
43   14.979   1     0  0       0    yes
44   19.178   1     0  0       0    yes
45   17.255   1     0  0       0    yes
46   17.092   1     0  0       0    yes
47   16.821   1     0  0       0    yes
48   18.203   1     0  0       0    yes
49   19.367   1     0  0       0    yes
50   16.984   1     0  0       0    yes
51   17.173   1     0  0       0    yes
52   15.088   1     0  0       0    yes
53   12.514   1     0  0       0    yes
54   12.704   1     0  0       0    yes
55   11.620   1     0  0       0    yes
56   14.139   1     0  0       0    yes
57   12.839   1     0  0       0    yes
58   12.920   1     0  0       0    yes
59   13.164   1     0  0       0    yes
60   13.354   1     0  0       0    yes
61    9.887   0     0  1       0     no
62   11.322   1     0  0       0    yes
63   20.559   1     0  0       0    yes
64   20.424   1     0  0       0    yes
65   19.503   1     0  0       0    yes
66   17.065   1     0  0       0    yes
67   17.390   1     0  0       0    yes
68   11.160   0     1  0       0  maybe
69    9.182   0     0  1       0     no
70   19.259   1     0  0       0    yes
71   14.627   1     0  0       0    yes
72   19.313   1     0  0       0    yes
73   14.221   1     0  0       0    yes
74   17.553   1     0  0       0    yes
75   18.826   1     0  0       0    yes
76   11.376   1     0  0       0    yes
77   11.349   1     0  0       0    yes
78   11.376   1     0  0       0    yes
79   16.984   1     0  0       0    yes
80   17.607   1     0  0       0    yes
81   13.489   1     0  0       0    yes
82   13.246   1     0  0       0    yes
83   20.018   1     0  0       0    yes
84   16.523   1     0  0       0    yes
85   12.541   1     0  0       0    yes
86    8.722   0     0  1       0     no
87    9.020   0     0  1       0     no
88    1.029   0     0  1       0     no
89    2.004   0     0  1       0     no
90    3.304   0     0  1       0     no
91    2.790   0     0  1       0     no
92    9.860   0     0  1       0     no
93    8.884   0     0  1       0     no
94    8.586   0     0  1       0     no
95   14.112   1     0  0       0    yes
96    9.074   0     0  1       0     no
97    5.038   0     0  1       0     no
98    3.115   0     0  1       0     no
99    4.036   0     0  1       0     no
100   4.821   0     0  1       0     no
101   4.740   0     0  1       0     no
102   4.957   0     0  1       0     no
103   4.848   0     0  1       0     no
104   4.984   0     0  1       0     no
105   4.632   0     0  1       0     no
106   4.767   0     0  1       0     no
107   4.848   0     0  1       0     no
108   4.821   0     0  1       0     no
109   5.038   0     0  1       0     no
110   4.902   0     0  1       0     no
111   4.848   0     0  1       0     no
112   5.038   0     0  1       0     no
113   5.146   0     0  1       0     no
114   4.957   0     0  1       0     no
115   5.146   0     0  1       0     no
116   5.390   0     0  1       0     no
117   5.363   0     0  1       0     no
118   5.336   0     0  1       0     no
119   5.309   0     0  1       0     no
120   5.309   0     0  1       0     no
121   5.227   0     0  1       0     no
122   4.009   0     0  1       0     no
123   4.144   0     0  1       0     no
124   5.065   0     0  1       0     no
125   4.632   0     0  1       0     no
126   4.117   0     0  1       0     no
127   4.523   0     0  1       0     no
128   2.112   0     0  1       0     no
129   4.415   0     0  1       0     no
130   4.875   0     0  1       0     no
131   3.927   0     0  1       0     no
132   4.604   0     0  1       0     no
133   4.604   0     0  1       0     no
134   3.060   0     0  1       0     no
135   3.792   0     0  1       0     no
136   3.900   0     0  1       0     no
137   4.334   0     0  1       0     no
138   4.198   0     0  1       0     no
139   4.550   0     0  1       0     no
140   2.410   0     0  1       0     no
141   5.255   0     0  1       0     no
142   4.659   0     0  1       0     no
143   4.848   0     0  1       0     no
144   4.252   0     0  1       0     no
145   3.819   0     0  1       0     no
146   4.902   0     0  1       0     no
147   5.119   0     0  1       0     no
148   2.979   0     0  1       0     no
149   5.255   0     0  1       0     no
150   5.227   0     0  1       0     no
151   5.417   0     0  1       0     no
152   5.444   0     0  1       0     no
153   5.580   0     0  1       0     no
154   5.580   0     0  1       0     no
155   5.634   0     0  1       0     no
156   5.661   0     0  1       0     no
157   5.580   0     0  1       0     no
158   5.200   0     0  1       0     no
159   4.848   0     0  1       0     no
160   5.255   0     0  1       0     no
161   5.336   0     0  1       0     no
162   5.417   0     0  1       0     no
163   4.875   0     0  1       0     no
164   4.523   0     0  1       0     no
165   2.925   0     0  1       0     no
166   4.171   0     0  1       0     no
167   3.819   0     0  1       0     no
168   5.363   0     0  1       0     no
169   3.196   0     0  1       0     no
170   3.629   0     0  1       0     no
171   4.171   0     0  1       0     no
172   3.846   0     0  1       0     no
173   5.851   0     0  1       0     no
174   3.900   0     0  1       0     no
175   4.198   0     0  1       0     no
176   3.954   0     0  1       0     no
177   4.469   0     0  1       0     no
178   4.388   0     0  1       0     no
179   4.415   0     0  1       0     no
180   5.796   0     0  1       0     no
181   5.498   0     0  1       0     no
182   1.544   0     0  1       0     no
183   4.144   0     0  1       0     no
184   4.036   0     0  1       0     no
185   0.704   0     0  1       0     no
186   6.988   0     0  1       0     no
187   7.665   0     0  1       0     no
188   1.516   0     0  1       0     no
189   0.568   0     0  1       0     no
190   0.568   0     0  1       0     no
191   9.778   0     0  1       0     no
192  14.817   1     0  0       0    yes
193   6.094   0     0  1       0     no
194   4.930   0     0  1       0     no
195   4.957   0     0  1       0     no
196   4.984   0     0  1       0     no
197   4.767   0     0  1       0     no
198   4.875   0     0  1       0     no
199   4.767   0     0  1       0     no
200   4.821   0     0  1       0     no
201   4.902   0     0  1       0     no
202   4.930   0     0  1       0     no
203   5.038   0     0  1       0     no
204   5.092   0     0  1       0     no
205   5.146   0     0  1       0     no
206   5.363   0     0  1       0     no
207   5.309   0     0  1       0     no
208   5.553   0     0  1       0     no
209   5.525   0     0  1       0     no
210   5.336   0     0  1       0     no
211   5.525   0     0  1       0     no
212   5.553   0     0  1       0     no
213   5.471   0     0  1       0     no
214   5.336   0     0  1       0     no
215   5.498   0     0  1       0     no
216   5.471   0     0  1       0     no
217   5.553   0     0  1       0     no
218   5.553   0     0  1       0     no
219   5.498   0     0  1       0     no
220   5.580   0     0  1       0     no
221   5.525   0     0  1       0     no
222   5.444   0     0  1       0     no
223   5.553   0     0  1       0     no
224   4.794   0     0  1       0     no
225   4.930   0     0  1       0     no
226   5.471   0     0  1       0     no
227   5.823   0     0  1       0     no
228   5.769   0     0  1       0     no
229   5.688   0     0  1       0     no
230   5.769   0     0  1       0     no
231   5.796   0     0  1       0     no
232   5.823   0     0  1       0     no
233   4.821   0     0  1       0     no
234   3.846   0     0  1       0     no
235   4.984   0     0  1       0     no
236   7.151   0     0  1       0     no
237   5.146   0     0  1       0     no
238   5.363   0     0  1       0     no
239   4.090   0     0  1       0     no
240   2.465   0     0  1       0     no
241   1.110   0     0  1       0     no
242   2.898   0     0  1       0     no
243   4.063   0     0  1       0     no
244   3.927   0     0  1       0     no
245   3.954   0     0  1       0     no
246   4.198   0     0  1       0     no
247   3.954   0     0  1       0     no
248   4.334   0     0  1       0     no
249   4.740   0     0  1       0     no
250   3.006   0     0  1       0     no
251   3.954   0     0  1       0     no
252   4.496   0     0  1       0     no
253   4.984   0     0  1       0     no
254   4.632   0     0  1       0     no
255   4.875   0     0  1       0     no
256   4.794   0     0  1       0     no
257   4.930   0     0  1       0     no
258   8.153   0     0  1       0     no
259  10.726   0     1  0       0  maybe
260   2.546   0     0  1       0     no
261   0.677   0     0  1       0     no
262   8.424   0     0  1       0     no
263   4.930   0     0  1       0     no
264  15.304   1     0  0       0    yes
265  12.623   1     0  0       0    yes
266   3.088   0     0  1       0     no
267   4.848   0     0  1       0     no
268   5.417   0     0  1       0     no
269   5.471   0     0  1       0     no
270   5.471   0     0  1       0     no
271   5.498   0     0  1       0     no
272   4.604   0     0  1       0     no
273   3.088   0     0  1       0     no
274   7.503   0     0  1       0     no
275   4.767   0     0  1       0     no
276   4.604   0     0  1       0     no
277   4.496   0     0  1       0     no
278   4.713   0     0  1       0     no
279   5.146   0     0  1       0     no
280   5.498   0     0  1       0     no
281   5.471   0     0  1       0     no
282   5.444   0     0  1       0     no
283  12.352   1     0  0       0    yes
284   5.227   0     0  1       0     no
285   3.792   0     0  1       0     no
286   5.444   0     0  1       0     no
287   5.471   0     0  1       0     no
288   5.390   0     0  1       0     no
289   3.738   0     0  1       0     no
290  15.494   1     0  0       0    yes
291  12.243   1     0  0       0    yes
292   4.036   0     0  1       0     no
293   5.282   0     0  1       0     no
294   5.336   0     0  1       0     no
295   5.580   0     0  1       0     no
296   5.498   0     0  1       0     no
297   5.525   0     0  1       0     no
298   5.498   0     0  1       0     no
299   5.580   0     0  1       0     no
300   5.498   0     0  1       0     no
301   5.580   0     0  1       0     no
302  14.004   1     0  0       0    yes
303  14.898   1     0  0       0    yes
304   6.582   0     0  1       0     no
305   5.444   0     0  1       0     no
306   5.471   0     0  1       0     no
307   4.334   0     0  1       0     no
308  10.916   0     1  0       0  maybe
309   6.446   0     0  1       0     no
310  13.571   1     0  0       0    yes
311  14.979   1     0  0       0    yes
312  15.196   1     0  0       0    yes
313  14.546   1     0  0       0    yes
314  11.891   1     0  0       0    yes
315   4.930   0     0  1       0     no
316   5.173   0     0  1       0     no
317   5.607   0     0  1       0     no
318   5.498   0     0  1       0     no
319   5.390   0     0  1       0     no
320   5.471   0     0  1       0     no
321   5.444   0     0  1       0     no
322   5.525   0     0  1       0     no
323   5.471   0     0  1       0     no
324   5.525   0     0  1       0     no
325   5.498   0     0  1       0     no
326   4.523   0     0  1       0     no
327   6.203   0     0  1       0     no
328   6.474   0     0  1       0     no
329   6.555   0     0  1       0     no
330   5.851   0     0  1       0     no
331   5.796   0     0  1       0     no
332   5.878   0     0  1       0     no
333   6.528   0     0  1       0     no
334   6.961   0     0  1       0     no
335   6.663   0     0  1       0     no
336   6.799   0     0  1       0     no
337   6.880   0     0  1       0     no
338   7.042   0     0  1       0     no
339   6.257   0     0  1       0     no
340  14.979   1     0  0       0    yes
341  12.514   1     0  0       0    yes
342   5.986   0     0  1       0     no
343   6.148   0     0  1       0     no
344   6.148   0     0  1       0     no
345   6.203   0     0  1       0     no
346   6.582   0     0  1       0     no
347   6.446   0     0  1       0     no
348   6.528   0     0  1       0     no
349   6.663   0     0  1       0     no
350   4.496   0     0  1       0     no
351  14.844   1     0  0       0    yes
352   6.419   0     0  1       0     no
353   4.848   0     0  1       0     no
354   5.417   0     0  1       0     no
355   5.715   0     0  1       0     no
356   5.227   0     0  1       0     no
357   5.688   0     0  1       0     no
358   5.823   0     0  1       0     no
359   5.905   0     0  1       0     no
360   5.363   0     0  1       0     no
361   5.065   0     0  1       0     no
362   5.607   0     0  1       0     no
363   5.580   0     0  1       0     no
364  10.455   0     1  0       0  maybe
365  11.702   1     0  0       0    yes
366   6.284   0     0  1       0     no
367   6.365   0     0  1       0     no
368   6.528   0     0  1       0     no
369   6.663   0     0  1       0     no
370   6.257   0     0  1       0     no
371   6.311   0     0  1       0     no
372   6.257   0     0  1       0     no
373   5.823   0     0  1       0     no
374   5.932   0     0  1       0     no
375   6.121   0     0  1       0     no
376   6.067   0     0  1       0     no
377   5.959   0     0  1       0     no
378   6.013   0     0  1       0     no
379   6.148   0     0  1       0     no
380   6.446   0     0  1       0     no
381   6.528   0     0  1       0     no
382   6.663   0     0  1       0     no
383   6.744   0     0  1       0     no
384  14.546   1     0  0       0    yes
385  15.115   1     0  0       0    yes
386   5.796   0     0  1       0     no
387   5.823   0     0  1       0     no
388   6.284   0     0  1       0     no
389   6.392   0     0  1       0     no
390   6.690   0     0  1       0     no
391   6.880   0     0  1       0     no
392   6.961   0     0  1       0     no
393   6.988   0     0  1       0     no
394   7.015   0     0  1       0     no
395   4.767   0     0  1       0     no
396  15.169   1     0  0       0    yes
397  14.979   1     0  0       0    yes
398   6.365   0     0  1       0     no
399   7.178   0     0  1       0     no
400   7.340   0     0  1       0     no
401   7.286   0     0  1       0     no
402   7.259   0     0  1       0     no
403   7.286   0     0  1       0     no
404   7.395   0     0  1       0     no
405   6.799   0     0  1       0     no
406   6.446   0     0  1       0     no
407   5.525   0     0  1       0     no
408   4.659   0     0  1       0     no
409   5.417   0     0  1       0     no
410   7.069   0     0  1       0     no
411   5.607   0     0  1       0     no
412   5.742   0     0  1       0     no
413   5.932   0     0  1       0     no
414   6.148   0     0  1       0     no
415   6.094   0     0  1       0     no
416   6.230   0     0  1       0     no
417   6.988   0     0  1       0     no
418   6.907   0     0  1       0     no
419   7.015   0     0  1       0     no
420   5.444   0     0  1       0     no
421   6.907   0     0  1       0     no
422   6.853   0     0  1       0     no
423   7.232   0     0  1       0     no
424  14.708   1     0  0       0    yes
425   6.257   0     0  1       0     no
426   6.582   0     0  1       0     no
427   6.717   0     0  1       0     no
428   6.799   0     0  1       0     no
429   6.744   0     0  1       0     no
430   6.799   0     0  1       0     no
431   6.961   0     0  1       0     no
432   7.097   0     0  1       0     no
433   3.927   0     0  1       0     no
434  15.304   1     0  0       0    yes
435   5.444   0     0  1       0     no
436   4.225   0     0  1       0     no
437   4.686   0     0  1       0     no
438   4.632   0     0  1       0     no
439   4.740   0     0  1       0     no
440   4.496   0     0  1       0     no
441   4.550   0     0  1       0     no
442   5.092   0     0  1       0     no
443   4.767   0     0  1       0     no
444   4.659   0     0  1       0     no
445   5.336   0     0  1       0     no
446   4.469   0     0  1       0     no
447   6.311   0     0  1       0     no
448   5.119   0     0  1       0     no
449   4.848   0     0  1       0     no
450   5.525   0     0  1       0     no
451  12.893   1     0  0       0    yes
452   5.282   0     0  1       0     no
453   5.336   0     0  1       0     no
454   5.363   0     0  1       0     no
455   5.769   0     0  1       0     no
456   6.013   0     0  1       0     no
457   5.471   0     0  1       0     no
458   5.065   0     0  1       0     no
459   5.580   0     0  1       0     no
460   7.476   0     0  1       0     no
461   3.521   0     0  1       0     no
462   3.981   0     0  1       0     no
463   3.846   0     0  1       0     no
464   3.033   0     0  1       0     no
465   3.142   0     0  1       0     no
466   4.794   0     0  1       0     no
467   4.469   0     0  1       0     no
468   3.440   0     0  1       0     no
469   2.275   0     0  1       0     no
470   2.519   0     0  1       0     no
471   3.981   0     0  1       0     no
472   4.036   0     0  1       0     no
473   4.198   0     0  1       0     no
474   4.767   0     0  1       0     no
475   4.794   0     0  1       0     no
476   4.361   0     0  1       0     no
477   5.038   0     0  1       0     no
478   3.060   0     0  1       0     no
479   5.634   0     0  1       0     no
480   6.582   0     0  1       0     no
481   5.932   0     0  1       0     no
482   5.661   0     0  1       0     no
483   5.715   0     0  1       0     no
484   6.257   0     0  1       0     no
485   5.498   0     0  1       0     no
486   5.959   0     0  1       0     no
487   6.230   0     0  1       0     no
488   5.580   0     0  1       0     no
489   5.417   0     0  1       0     no
490   5.932   0     0  1       0     no
491   6.067   0     0  1       0     no
492   6.094   0     0  1       0     no
493   6.474   0     0  1       0     no
494   6.474   0     0  1       0     no
495   6.338   0     0  1       0     no
496   6.392   0     0  1       0     no
497   5.986   0     0  1       0     no
498  15.494   1     0  0       0    yes
499  15.223   1     0  0       0    yes
500   4.361   0     0  1       0     no
501   5.227   0     0  1       0     no
502   5.417   0     0  1       0     no
503   5.553   0     0  1       0     no
504   4.875   0     0  1       0     no
505   3.494   0     0  1       0     no
506   5.119   0     0  1       0     no
507   5.336   0     0  1       0     no
508   5.959   0     0  1       0     no
509  11.837   1     0  0       0    yes
510   5.444   0     0  1       0     no
511   5.038   0     0  1       0     no
512   4.279   0     0  1       0     no
513   5.363   0     0  1       0     no
514   5.553   0     0  1       0     no
515   5.715   0     0  1       0     no
516   5.525   0     0  1       0     no
517   9.995   0     0  1       0     no
518   6.528   0     0  1       0     no
519   4.117   0     0  1       0     no
520   6.311   0     0  1       0     no
521   5.878   0     0  1       0     no
522   9.778   0     0  1       0     no
523   8.099   0     0  1       0     no
524   6.799   0     0  1       0     no
525   6.013   0     0  1       0     no
526   9.643   0     0  1       0     no
527  11.404   1     0  0       0    yes
528  15.250   1     0  0       0    yes
529   4.306   0     0  1       0     no
530   4.902   0     0  1       0     no
531   5.200   0     0  1       0     no
532   5.769   0     0  1       0     no
533   5.742   0     0  1       0     no
534   5.905   0     0  1       0     no
535   5.715   0     0  1       0     no
536   5.688   0     0  1       0     no
537   5.878   0     0  1       0     no
538   6.067   0     0  1       0     no
539   6.311   0     0  1       0     no
540   6.365   0     0  1       0     no
541   5.878   0     0  1       0     no
542   5.851   0     0  1       0     no
543  14.329   1     0  0       0    yes
544  10.022   0     0  1       0     no
545  14.925   1     0  0       0    yes
546  15.196   1     0  0       0    yes
547  15.277   1     0  0       0    yes
548  15.169   1     0  0       0    yes
549  14.952   1     0  0       0    yes
550  15.006   1     0  0       0    yes
551  15.440   1     0  0       0    yes
552  15.006   1     0  0       0    yes
553  15.223   1     0  0       0    yes
554  15.250   1     0  0       0    yes
555  14.979   1     0  0       0    yes
556  15.142   1     0  0       0    yes
557  12.054   1     0  0       0    yes
558   2.519   0     0  1       0     no
559   5.173   0     0  1       0     no
560   2.708   0     0  1       0     no
561   2.654   0     0  1       0     no
562   2.600   0     0  1       0     no
563   2.627   0     0  1       0     no
564   4.361   0     0  1       0     no
565   5.336   0     0  1       0     no
566   5.336   0     0  1       0     no
567   5.796   0     0  1       0     no
568   5.309   0     0  1       0     no
569   5.417   0     0  1       0     no
570   2.654   0     0  1       0     no
571   4.144   0     0  1       0     no
572   4.632   0     0  1       0     no
573   5.742   0     0  1       0     no
574   5.851   0     0  1       0     no
575   0.893   0     0  1       0     no
576   0.920   0     0  1       0     no
577   4.632   0     0  1       0     no
578   4.848   0     0  1       0     no
579   4.875   0     0  1       0     no
580   5.580   0     0  1       0     no
581   4.740   0     0  1       0     no
582   5.255   0     0  1       0     no
583   5.796   0     0  1       0     no
584   5.498   0     0  1       0     no
585   5.634   0     0  1       0     no
586   5.255   0     0  1       0     no
587   4.794   0     0  1       0     no
588   5.173   0     0  1       0     no
589   5.309   0     0  1       0     no
590   5.255   0     0  1       0     no
591   5.092   0     0  1       0     no
592   1.950   0     0  1       0     no
593   3.331   0     0  1       0     no
594   2.437   0     0  1       0     no
595   3.792   0     0  1       0     no
596   5.580   0     0  1       0     no
597   5.905   0     0  1       0     no
598   5.986   0     0  1       0     no
599   6.067   0     0  1       0     no
600  11.620   1     0  0       0    yes
601   8.830   0     0  1       0     no
602   4.415   0     0  1       0     no
603   5.255   0     0  1       0     no
604   5.634   0     0  1       0     no
605   5.661   0     0  1       0     no
606   5.823   0     0  1       0     no
607   5.823   0     0  1       0     no
608   5.823   0     0  1       0     no
609   5.851   0     0  1       0     no
610   6.203   0     0  1       0     no
611   6.365   0     0  1       0     no
612   6.311   0     0  1       0     no
613   6.474   0     0  1       0     no
614   6.555   0     0  1       0     no
615   6.474   0     0  1       0     no
616   6.501   0     0  1       0     no
617   6.528   0     0  1       0     no
618   6.338   0     0  1       0     no
619   5.742   0     0  1       0     no
620   6.067   0     0  1       0     no
621   4.767   0     0  1       0     no
622   7.367   0     0  1       0     no
623   1.110   0     0  1       0     no
624   1.544   0     0  1       0     no
625   2.762   0     0  1       0     no
626   7.015   0     0  1       0     no
627   4.632   0     0  1       0     no
628   4.740   0     0  1       0     no
629   5.553   0     0  1       0     no
630   5.688   0     0  1       0     no
631   6.067   0     0  1       0     no
632   5.688   0     0  1       0     no
633   5.878   0     0  1       0     no
634   5.715   0     0  1       0     no
635   5.580   0     0  1       0     no
636   6.284   0     0  1       0     no
637   6.392   0     0  1       0     no
638   6.176   0     0  1       0     no
639   9.264   0     0  1       0     no
640  12.677   1     0  0       0    yes
641   4.279   0     0  1       0     no
642   7.449   0     0  1       0     no
643   7.097   0     0  1       0     no
644   3.792   0     0  1       0     no
645   4.198   0     0  1       0     no
646   4.767   0     0  1       0     no
647   3.250   0     0  1       0     no
648   4.550   0     0  1       0     no
649   4.902   0     0  1       0     no
650   4.930   0     0  1       0     no
651   5.390   0     0  1       0     no
652   5.227   0     0  1       0     no
653   5.282   0     0  1       0     no
654   5.363   0     0  1       0     no
655   5.336   0     0  1       0     no
656   5.282   0     0  1       0     no
657   5.363   0     0  1       0     no
658   5.553   0     0  1       0     no
659   5.553   0     0  1       0     no
660   5.553   0     0  1       0     no
661   5.634   0     0  1       0     no
662   5.607   0     0  1       0     no
663   5.146   0     0  1       0     no
664   4.930   0     0  1       0     no
665   5.092   0     0  1       0     no
666   3.954   0     0  1       0     no
667  11.864   1     0  0       0    yes
668  15.088   1     0  0       0    yes
669   8.613   0     0  1       0     no
670   5.525   0     0  1       0     no
671   2.681   0     0  1       0     no
672   4.279   0     0  1       0     no
673   3.629   0     0  1       0     no
674   5.309   0     0  1       0     no
675   6.040   0     0  1       0     no
676   6.067   0     0  1       0     no
677   5.336   0     0  1       0     no
678   5.742   0     0  1       0     no
679   3.927   0     0  1       0     no
680   1.489   0     0  1       0     no
681   3.954   0     0  1       0     no
682   5.932   0     0  1       0     no
683   6.094   0     0  1       0     no
684   6.121   0     0  1       0     no
685   5.200   0     0  1       0     no
686   6.230   0     0  1       0     no
687   6.203   0     0  1       0     no
688   6.121   0     0  1       0     no
689   6.176   0     0  1       0     no
690   6.094   0     0  1       0     no
691   4.334   0     0  1       0     no
692  11.241   0     1  0       0  maybe
693   5.959   0     0  1       0     no
694   6.094   0     0  1       0     no
695   6.446   0     0  1       0     no
696   6.582   0     0  1       0     no
697   6.582   0     0  1       0     no
698   6.501   0     0  1       0     no
699   6.609   0     0  1       0     no
700   6.663   0     0  1       0     no
701   6.907   0     0  1       0     no
702   6.961   0     0  1       0     no
703   7.042   0     0  1       0     no
704   6.961   0     0  1       0     no
705   6.961   0     0  1       0     no
706   3.440   0     0  1       0     no
707   3.115   0     0  1       0     no
708   3.169   0     0  1       0     no
709   3.223   0     0  1       0     no
710   4.144   0     0  1       0     no
711   4.334   0     0  1       0     no
712   5.444   0     0  1       0     no
713   6.230   0     0  1       0     no
714   5.959   0     0  1       0     no
715   6.040   0     0  1       0     no
716   6.067   0     0  1       0     no
717   4.388   0     0  1       0     no
718   3.413   0     0  1       0     no
719   8.072   0     0  1       0     no
720   4.388   0     0  1       0     no
721   5.607   0     0  1       0     no
722   5.688   0     0  1       0     no
723   5.688   0     0  1       0     no
724   5.715   0     0  1       0     no
725   5.742   0     0  1       0     no
726   4.388   0     0  1       0     no
727   4.930   0     0  1       0     no
728   5.986   0     0  1       0     no
729   6.067   0     0  1       0     no
730   6.338   0     0  1       0     no
731   6.419   0     0  1       0     no
732   6.419   0     0  1       0     no
733   6.474   0     0  1       0     no
734   6.419   0     0  1       0     no
735   6.446   0     0  1       0     no
736   6.582   0     0  1       0     no
737   6.446   0     0  1       0     no
738   6.365   0     0  1       0     no
739   5.525   0     0  1       0     no
740  14.844   1     0  0       0    yes
741  14.410   1     0  0       0    yes
742   4.469   0     0  1       0     no
743   5.336   0     0  1       0     no
744   4.144   0     0  1       0     no
745   5.580   0     0  1       0     no
746   7.665   0     0  1       0     no
747   5.255   0     0  1       0     no
748   5.580   0     0  1       0     no
749   5.661   0     0  1       0     no
750   5.309   0     0  1       0     no
751   5.688   0     0  1       0     no
752   5.932   0     0  1       0     no
753   6.365   0     0  1       0     no
754   6.230   0     0  1       0     no
755   6.176   0     0  1       0     no
756   5.661   0     0  1       0     no
757   6.148   0     0  1       0     no
758   6.121   0     0  1       0     no
759   6.230   0     0  1       0     no
760   6.176   0     0  1       0     no
761   4.063   0     0  1       0     no
762  15.440   1     0  0       0    yes
763  11.783   1     0  0       0    yes
764   4.767   0     0  1       0     no
765   5.119   0     0  1       0     no
766   5.607   0     0  1       0     no
767   5.932   0     0  1       0     no
768   6.772   0     0  1       0     no
769   6.582   0     0  1       0     no
770   6.446   0     0  1       0     no
771   6.446   0     0  1       0     no
772   6.501   0     0  1       0     no
773   6.040   0     0  1       0     no
774   6.067   0     0  1       0     no
775   6.094   0     0  1       0     no
776   6.203   0     0  1       0     no
777   5.742   0     0  1       0     no
778   6.148   0     0  1       0     no
779   6.094   0     0  1       0     no
780   6.257   0     0  1       0     no
781   6.474   0     0  1       0     no
782   6.744   0     0  1       0     no
783   6.690   0     0  1       0     no
784   6.663   0     0  1       0     no
785   6.690   0     0  1       0     no
786   6.690   0     0  1       0     no
787   6.582   0     0  1       0     no
788   2.112   0     0  1       0     no
789   0.948   0     0  1       0     no
790   4.144   0     0  1       0     no
791   5.363   0     0  1       0     no
792   5.553   0     0  1       0     no
793   6.176   0     0  1       0     no
794   5.878   0     0  1       0     no
795   5.878   0     0  1       0     no
796   5.742   0     0  1       0     no
797   6.067   0     0  1       0     no
798   6.311   0     0  1       0     no
799   6.365   0     0  1       0     no
800   6.365   0     0  1       0     no
801   6.365   0     0  1       0     no
802   6.365   0     0  1       0     no
803   6.419   0     0  1       0     no
804   6.013   0     0  1       0     no
805   6.148   0     0  1       0     no
806   6.094   0     0  1       0     no
807   5.255   0     0  1       0     no
808  11.674   1     0  0       0    yes
809  15.386   1     0  0       0    yes
810   8.343   0     0  1       0     no
811   4.794   0     0  1       0     no
812   4.848   0     0  1       0     no
813   5.309   0     0  1       0     no
814   7.665   0     0  1       0     no
815   5.525   0     0  1       0     no
816   5.769   0     0  1       0     no
817   6.013   0     0  1       0     no
818   6.311   0     0  1       0     no
819   6.365   0     0  1       0     no
820   6.365   0     0  1       0     no
821   6.392   0     0  1       0     no
822   6.338   0     0  1       0     no
823   6.446   0     0  1       0     no
824   6.392   0     0  1       0     no
825   6.446   0     0  1       0     no
826   6.419   0     0  1       0     no
827   6.474   0     0  1       0     no
828   6.474   0     0  1       0     no
829   6.392   0     0  1       0     no
830   6.419   0     0  1       0     no
831   6.446   0     0  1       0     no
832   6.392   0     0  1       0     no
833   6.365   0     0  1       0     no
834   6.365   0     0  1       0     no
835   6.419   0     0  1       0     no
836   6.365   0     0  1       0     no
837   6.474   0     0  1       0     no
838   6.392   0     0  1       0     no
839   6.392   0     0  1       0     no
840   6.311   0     0  1       0     no
841   6.392   0     0  1       0     no
842   6.474   0     0  1       0     no
843   6.284   0     0  1       0     no
844   6.365   0     0  1       0     no
845   6.365   0     0  1       0     no
846   4.523   0     0  1       0     no
847   6.934   0     0  1       0     no
848   4.225   0     0  1       0     no
849   4.713   0     0  1       0     no
850   5.525   0     0  1       0     no
851   6.067   0     0  1       0     no
852   5.661   0     0  1       0     no
853   5.986   0     0  1       0     no
854   6.013   0     0  1       0     no
855   6.067   0     0  1       0     no
856   6.013   0     0  1       0     no
857   5.634   0     0  1       0     no
858   5.688   0     0  1       0     no
859   5.796   0     0  1       0     no
860   5.742   0     0  1       0     no
861   5.932   0     0  1       0     no
862   6.121   0     0  1       0     no
863   6.067   0     0  1       0     no
864   6.203   0     0  1       0     no
865   5.959   0     0  1       0     no
866   6.067   0     0  1       0     no
867   6.013   0     0  1       0     no
868   6.040   0     0  1       0     no
869   6.311   0     0  1       0     no
870   6.365   0     0  1       0     no
871   6.338   0     0  1       0     no
872   6.284   0     0  1       0     no
873   6.392   0     0  1       0     no
874   6.392   0     0  1       0     no
875   6.284   0     0  1       0     no
876   6.392   0     0  1       0     no
877   6.365   0     0  1       0     no
878   6.474   0     0  1       0     no
879   6.501   0     0  1       0     no
880   6.257   0     0  1       0     no
881   6.176   0     0  1       0     no
882   1.435   0     0  1       0     no
883   4.632   0     0  1       0     no
884   5.282   0     0  1       0     no
885   5.255   0     0  1       0     no
886   5.417   0     0  1       0     no
887  11.160   0     1  0       0  maybe
888   4.686   0     0  1       0     no
889   5.200   0     0  1       0     no
890   5.525   0     0  1       0     no
891   5.607   0     0  1       0     no
892   5.742   0     0  1       0     no
893   5.607   0     0  1       0     no
894   5.525   0     0  1       0     no
895   5.607   0     0  1       0     no
896   5.553   0     0  1       0     no
897   5.688   0     0  1       0     no
898   5.661   0     0  1       0     no
899   5.851   0     0  1       0     no
900   5.878   0     0  1       0     no
901   5.905   0     0  1       0     no
902   5.905   0     0  1       0     no
903   5.851   0     0  1       0     no
904   5.932   0     0  1       0     no
905   5.905   0     0  1       0     no
906   5.878   0     0  1       0     no
907   5.986   0     0  1       0     no
908   5.986   0     0  1       0     no
909   6.013   0     0  1       0     no
910   5.986   0     0  1       0     no
911   5.959   0     0  1       0     no
912   6.013   0     0  1       0     no
913   5.498   0     0  1       0     no
914   5.742   0     0  1       0     no
915   5.932   0     0  1       0     no
916   6.067   0     0  1       0     no
917   6.013   0     0  1       0     no
918   6.040   0     0  1       0     no
919   6.067   0     0  1       0     no
920   6.176   0     0  1       0     no
921   6.013   0     0  1       0     no
922   3.765   0     0  1       0     no
923  14.573   1     0  0       0    yes
924   6.013   0     0  1       0     no
925   4.821   0     0  1       0     no
926   5.363   0     0  1       0     no
927   5.227   0     0  1       0     no
928   5.336   0     0  1       0     no
929   5.227   0     0  1       0     no
930   5.553   0     0  1       0     no
931   5.553   0     0  1       0     no
932   5.607   0     0  1       0     no
933   5.634   0     0  1       0     no
934   5.607   0     0  1       0     no
935   5.580   0     0  1       0     no
936   5.634   0     0  1       0     no
937   5.715   0     0  1       0     no
938   5.634   0     0  1       0     no
939   5.688   0     0  1       0     no
940   5.796   0     0  1       0     no
941   5.742   0     0  1       0     no
942   5.796   0     0  1       0     no
943   5.715   0     0  1       0     no
944   5.119   0     0  1       0     no
945   6.094   0     0  1       0     no
946   5.607   0     0  1       0     no
947   5.905   0     0  1       0     no
948   5.851   0     0  1       0     no
949   5.715   0     0  1       0     no
950   5.796   0     0  1       0     no
951   5.634   0     0  1       0     no
952   5.336   0     0  1       0     no
953   3.683   0     0  1       0     no
954   3.846   0     0  1       0     no
955   5.038   0     0  1       0     no
956   9.914   0     0  1       0     no
957   3.846   0     0  1       0     no
958   3.386   0     0  1       0     no
959   4.036   0     0  1       0     no
960   5.309   0     0  1       0     no
961   5.905   0     0  1       0     no
962   6.013   0     0  1       0     no
963   5.959   0     0  1       0     no
964   5.959   0     0  1       0     no
965   1.191   0     0  1       0     no
966   4.957   0     0  1       0     no
967   6.067   0     0  1       0     no
968   5.119   0     0  1       0     no
969   5.119   0     0  1       0     no
970   5.688   0     0  1       0     no
971   5.742   0     0  1       0     no
972   5.823   0     0  1       0     no
973   9.751   0     0  1       0     no
974  15.223   1     0  0       0    yes
975   5.119   0     0  1       0     no
976   5.607   0     0  1       0     no
977   5.580   0     0  1       0     no
978   5.769   0     0  1       0     no
979   5.742   0     0  1       0     no
980   5.796   0     0  1       0     no
981   5.878   0     0  1       0     no
982   5.932   0     0  1       0     no
983   5.878   0     0  1       0     no
984   5.878   0     0  1       0     no
985   5.796   0     0  1       0     no
986   4.523   0     0  1       0     no
987   4.632   0     0  1       0     no
988   5.363   0     0  1       0     no
989   5.986   0     0  1       0     no
990   6.040   0     0  1       0     no
991   5.932   0     0  1       0     no
992   6.121   0     0  1       0     no
993   6.203   0     0  1       0     no
994   6.176   0     0  1       0     no
995   6.148   0     0  1       0     no
996   6.148   0     0  1       0     no
997   6.148   0     0  1       0     no
998   6.148   0     0  1       0     no
999   6.148   0     0  1       0     no
1000  6.176   0     0  1       0     no
1001  6.257   0     0  1       0     no
1002  6.257   0     0  1       0     no
1003  6.230   0     0  1       0     no
1004  6.230   0     0  1       0     no
1005  6.311   0     0  1       0     no
1006  4.388   0     0  1       0     no
1007  4.009   0     0  1       0     no
1008  4.117   0     0  1       0     no
1009  4.469   0     0  1       0     no
1010  4.496   0     0  1       0     no
1011  6.501   0     0  1       0     no
1012  2.681   0     0  1       0     no
1013  4.036   0     0  1       0     no
1014 13.950   1     0  0       0    yes
1015  6.474   0     0  1       0     no
1016  4.984   0     0  1       0     no
1017  5.200   0     0  1       0     no
1018  5.444   0     0  1       0     no
1019  5.498   0     0  1       0     no
1020  5.525   0     0  1       0     no
1021  5.580   0     0  1       0     no
1022  5.661   0     0  1       0     no
1023  4.171   0     0  1       0     no
1024  8.045   0     0  1       0     no
1025  5.796   0     0  1       0     no
1026  6.230   0     0  1       0     no
1027  6.717   0     0  1       0     no
1028  6.772   0     0  1       0     no
1029  6.880   0     0  1       0     no
1030  6.772   0     0  1       0     no
1031  6.717   0     0  1       0     no
1032  6.636   0     0  1       0     no
1033  7.015   0     0  1       0     no
1034  7.232   0     0  1       0     no
1035  7.286   0     0  1       0     no
1036  7.286   0     0  1       0     no
1037  7.286   0     0  1       0     no
1038  7.259   0     0  1       0     no
1039  7.232   0     0  1       0     no
1040  7.259   0     0  1       0     no
1041  7.367   0     0  1       0     no
1042  7.340   0     0  1       0     no
1043  7.232   0     0  1       0     no
1044  7.286   0     0  1       0     no
1045  7.259   0     0  1       0     no
1046  7.313   0     0  1       0     no
1047  7.340   0     0  1       0     no
1048  7.395   0     0  1       0     no
1049  6.392   0     0  1       0     no
1050  6.717   0     0  1       0     no
1051  6.744   0     0  1       0     no
1052  6.690   0     0  1       0     no
1053  6.690   0     0  1       0     no
1054  6.636   0     0  1       0     no
1055  6.907   0     0  1       0     no
1056  6.772   0     0  1       0     no
1057  6.799   0     0  1       0     no
1058  5.498   0     0  1       0     no
1059  5.417   0     0  1       0     no
1060  0.839   0     0  1       0     no
1061  2.356   0     0  1       0     no
1062 15.386   1     0  0       0    yes
1063 10.483   0     1  0       0  maybe
1064 10.645   0     1  0       0  maybe
1065 10.239   0     1  0       0  maybe
1066 12.270   1     0  0       0    yes
1067  5.471   0     0  1       0     no
1068  3.927   0     0  1       0     no
1069  4.659   0     0  1       0     no
1070  4.686   0     0  1       0     no
1071  1.733   0     0  1       0     no
1072  4.523   0     0  1       0     no
1073  4.063   0     0  1       0     no
1074  4.577   0     0  1       0     no
1075  5.444   0     0  1       0     no
1076  2.844   0     0  1       0     no
1077  4.632   0     0  1       0     no
1078  5.525   0     0  1       0     no
1079  5.065   0     0  1       0     no
1080  5.173   0     0  1       0     no
1081  5.227   0     0  1       0     no
1082  5.363   0     0  1       0     no
1083  5.336   0     0  1       0     no
1084  5.363   0     0  1       0     no
1085  5.525   0     0  1       0     no
1086  5.580   0     0  1       0     no
1087  5.336   0     0  1       0     no
1088  4.821   0     0  1       0     no
1089  4.930   0     0  1       0     no
1090  8.993   0     0  1       0     no
1091  5.146   0     0  1       0     no
1092  5.742   0     0  1       0     no
1093  5.823   0     0  1       0     no
1094  5.715   0     0  1       0     no
1095  5.823   0     0  1       0     no
1096  5.796   0     0  1       0     no
1097  5.769   0     0  1       0     no
1098  5.796   0     0  1       0     no
1099  5.823   0     0  1       0     no
1100  5.661   0     0  1       0     no
1101  5.661   0     0  1       0     no
1102  5.769   0     0  1       0     no
1103  5.092   0     0  1       0     no
1104  5.011   0     0  1       0     no
1105  4.496   0     0  1       0     no
1106  4.523   0     0  1       0     no
1107  3.981   0     0  1       0     no
1108  3.196   0     0  1       0     no
1109  4.523   0     0  1       0     no
1110  6.121   0     0  1       0     no
1111  4.523   0     0  1       0     no
1112  5.092   0     0  1       0     no
1113  5.119   0     0  1       0     no
1114  5.336   0     0  1       0     no
1115  5.200   0     0  1       0     no
1116  5.227   0     0  1       0     no
1117  5.363   0     0  1       0     no
1118  5.336   0     0  1       0     no
1119  5.417   0     0  1       0     no
1120  4.767   0     0  1       0     no
1121  4.686   0     0  1       0     no
1122  4.984   0     0  1       0     no
1123  5.092   0     0  1       0     no
1124  5.119   0     0  1       0     no
1125  5.715   0     0  1       0     no
1126  5.417   0     0  1       0     no
1127  5.471   0     0  1       0     no
1128  5.525   0     0  1       0     no
1129  5.634   0     0  1       0     no
1130  5.498   0     0  1       0     no
1131  5.607   0     0  1       0     no
1132  5.390   0     0  1       0     no
1133  6.203   0     0  1       0     no
1134  6.284   0     0  1       0     no
1135  6.392   0     0  1       0     no
1136  6.338   0     0  1       0     no
1137  6.365   0     0  1       0     no
1138  6.474   0     0  1       0     no
1139  6.067   0     0  1       0     no
1140  5.878   0     0  1       0     no
1141  5.905   0     0  1       0     no
1142  5.878   0     0  1       0     no
1143  6.040   0     0  1       0     no
1144  6.148   0     0  1       0     no
1145  6.013   0     0  1       0     no
1146  5.769   0     0  1       0     no
1147  4.957   0     0  1       0     no
1148  5.661   0     0  1       0     no
1149  5.661   0     0  1       0     no
1150  7.882   0     0  1       0     no
1151 15.494   1     0  0       0    yes
1152  8.532   0     0  1       0     no
1153 15.169   1     0  0       0    yes
1154 15.304   1     0  0       0    yes
1155 15.223   1     0  0       0    yes
1156 15.088   1     0  0       0    yes
1157 15.575   1     0  0       0    yes
1158  3.927   0     0  1       0     no
1159  4.930   0     0  1       0     no
1160  5.092   0     0  1       0     no
1161  5.065   0     0  1       0     no
1162  5.498   0     0  1       0     no
1163  5.661   0     0  1       0     no
1164  5.553   0     0  1       0     no
1165  0.785   0     0  1       0     no
1166  4.496   0     0  1       0     no
1167  5.309   0     0  1       0     no
1168  5.905   0     0  1       0     no
1169  5.878   0     0  1       0     no
1170  5.878   0     0  1       0     no
1171  5.823   0     0  1       0     no
1172  5.905   0     0  1       0     no
1173  5.878   0     0  1       0     no
1174  5.878   0     0  1       0     no
1175  6.013   0     0  1       0     no
1176  5.959   0     0  1       0     no
1177  2.085   0     0  1       0     no
1178  9.399   0     0  1       0     no
1179  5.607   0     0  1       0     no
1180  5.742   0     0  1       0     no
1181  5.959   0     0  1       0     no
1182  6.013   0     0  1       0     no
1183  5.905   0     0  1       0     no
1184  5.878   0     0  1       0     no
1185  6.013   0     0  1       0     no
1186  6.013   0     0  1       0     no
1187  6.040   0     0  1       0     no
1188  6.067   0     0  1       0     no
1189  5.986   0     0  1       0     no
1190  5.986   0     0  1       0     no
1191  5.932   0     0  1       0     no
1192  5.959   0     0  1       0     no
1193  6.094   0     0  1       0     no
1194  5.878   0     0  1       0     no
1195  5.363   0     0  1       0     no
1196  5.011   0     0  1       0     no
1197 10.320   0     1  0       0  maybe
1198  6.744   0     0  1       0     no
1199  5.173   0     0  1       0     no
1200  5.336   0     0  1       0     no
1201  5.471   0     0  1       0     no
1202  5.715   0     0  1       0     no
1203  5.769   0     0  1       0     no
1204  5.823   0     0  1       0     no
1205  4.930   0     0  1       0     no
1206  5.553   0     0  1       0     no
1207  5.796   0     0  1       0     no
1208  6.446   0     0  1       0     no
1209 15.006   1     0  0       0    yes
1210  4.821   0     0  1       0     no
1211  5.932   0     0  1       0     no
1212  6.067   0     0  1       0     no
1213  6.067   0     0  1       0     no
1214  6.148   0     0  1       0     no
1215  6.203   0     0  1       0     no
1216  3.846   0     0  1       0     no
1217 11.539   1     0  0       0    yes
1218  6.392   0     0  1       0     no
1219 10.022   0     0  1       0     no
1220  3.954   0     0  1       0     no
1221  4.984   0     0  1       0     no
1222  4.930   0     0  1       0     no
1223  4.550   0     0  1       0     no
1224  5.309   0     0  1       0     no
1225 12.243   1     0  0       0    yes
1226  3.900   0     0  1       0     no
1227  4.957   0     0  1       0     no
1228  5.769   0     0  1       0     no
1229  5.823   0     0  1       0     no
1230  5.959   0     0  1       0     no
1231  6.013   0     0  1       0     no
1232  5.417   0     0  1       0     no
1233  5.444   0     0  1       0     no
1234  5.769   0     0  1       0     no
1235  5.932   0     0  1       0     no
1236  5.932   0     0  1       0     no
1237  5.959   0     0  1       0     no
1238  6.040   0     0  1       0     no
1239  6.474   0     0  1       0     no
1240  7.963   0     0  1       0     no
1241  6.067   0     0  1       0     no
1242  6.934   0     0  1       0     no
1243  7.097   0     0  1       0     no
1244  4.740   0     0  1       0     no
1245  8.234   0     0  1       0     no
1246  5.959   0     0  1       0     no
1247  4.063   0     0  1       0     no
1248  5.363   0     0  1       0     no
1249  5.823   0     0  1       0     no
1250  5.851   0     0  1       0     no
1251  5.796   0     0  1       0     no
1252  5.823   0     0  1       0     no
1253  5.851   0     0  1       0     no
1254  5.878   0     0  1       0     no
1255  5.986   0     0  1       0     no
1256 12.487   1     0  0       0    yes
1257 11.783   1     0  0       0    yes
1258  5.011   0     0  1       0     no
1259  4.740   0     0  1       0     no
1260  5.038   0     0  1       0     no
1261  5.146   0     0  1       0     no
1262  5.417   0     0  1       0     no
1263  5.444   0     0  1       0     no
1264  5.634   0     0  1       0     no
1265  5.661   0     0  1       0     no
1266  5.742   0     0  1       0     no
1267  5.715   0     0  1       0     no
1268  9.182   0     0  1       0     no
1269  8.424   0     0  1       0     no
1270  4.984   0     0  1       0     no
1271  4.036   0     0  1       0     no
1272  4.984   0     0  1       0     no
1273  5.282   0     0  1       0     no
1274  5.336   0     0  1       0     no
1275  5.309   0     0  1       0     no
1276  5.363   0     0  1       0     no
1277  5.444   0     0  1       0     no
1278  5.471   0     0  1       0     no
1279  5.580   0     0  1       0     no
1280  5.688   0     0  1       0     no
1281  5.769   0     0  1       0     no
1282  5.742   0     0  1       0     no
1283  7.367   0     0  1       0     no
1284  7.178   0     0  1       0     no
1285  6.040   0     0  1       0     no
1286  5.986   0     0  1       0     no
1287  4.902   0     0  1       0     no
1288  3.900   0     0  1       0     no
1289  4.686   0     0  1       0     no
1290  4.225   0     0  1       0     no
1291  5.146   0     0  1       0     no
1292  3.223   0     0  1       0     no
1293  3.765   0     0  1       0     no
1294  4.306   0     0  1       0     no
1295  4.902   0     0  1       0     no
1296  4.794   0     0  1       0     no
1297  5.011   0     0  1       0     no
1298  4.767   0     0  1       0     no
1299  4.252   0     0  1       0     no
1300  4.225   0     0  1       0     no
1301  5.607   0     0  1       0     no
1302  5.932   0     0  1       0     no
1303 10.862   0     1  0       0  maybe
1304  5.498   0     0  1       0     no
1305  4.117   0     0  1       0     no
1306  6.338   0     0  1       0     no
1307  3.954   0     0  1       0     no
1308  5.580   0     0  1       0     no
1309  6.528   0     0  1       0     no
1310  6.555   0     0  1       0     no
1311  6.582   0     0  1       0     no
1312  6.582   0     0  1       0     no
1313 15.386   1     0  0       0    yes
1314 11.024   0     1  0       0  maybe
1315 14.844   1     0  0       0    yes
1316 11.918   1     0  0       0    yes
1317  4.361   0     0  1       0     no
1318  2.356   0     0  1       0     no
1319  3.629   0     0  1       0     no
1320  3.358   0     0  1       0     no
1321  2.952   0     0  1       0     no
1322  3.386   0     0  1       0     no
1323  3.846   0     0  1       0     no
1324  3.873   0     0  1       0     no
1325  3.169   0     0  1       0     no
1326  3.223   0     0  1       0     no
1327  3.440   0     0  1       0     no
1328  4.767   0     0  1       0     no
1329  6.121   0     0  1       0     no
1330 11.837   1     0  0       0    yes
1331  3.304   0     0  1       0     no
1332  3.115   0     0  1       0     no
1333  3.792   0     0  1       0     no
1334  3.033   0     0  1       0     no
1335  3.331   0     0  1       0     no
1336  2.275   0     0  1       0     no
1337  3.331   0     0  1       0     no
1338  3.467   0     0  1       0     no
1339  2.248   0     0  1       0     no
1340  2.492   0     0  1       0     no
1341  2.356   0     0  1       0     no
1342  2.546   0     0  1       0     no
1343  2.410   0     0  1       0     no
1344  2.817   0     0  1       0     no
1345  2.573   0     0  1       0     no
1346  3.088   0     0  1       0     no
1347  1.029   0     0  1       0     no
1348  1.029   0     0  1       0     no
1349  0.920   0     0  1       0     no
1350  3.548   0     0  1       0     no
1351  1.679   0     0  1       0     no
1352  2.952   0     0  1       0     no
1353  3.494   0     0  1       0     no
1354  3.521   0     0  1       0     no
1355  2.871   0     0  1       0     no
1356  2.979   0     0  1       0     no
1357  4.496   0     0  1       0     no
1358  3.060   0     0  1       0     no
1359  2.844   0     0  1       0     no
1360  3.846   0     0  1       0     no
1361  1.733   0     0  1       0     no
1362  1.814   0     0  1       0     no
1363  3.900   0     0  1       0     no
1364  4.009   0     0  1       0     no
1365  3.169   0     0  1       0     no
1366  2.898   0     0  1       0     no
1367  3.304   0     0  1       0     no
1368  3.954   0     0  1       0     no
1369  3.765   0     0  1       0     no
1370  3.954   0     0  1       0     no
1371  1.679   0     0  1       0     no
1372  3.819   0     0  1       0     no
1373  3.196   0     0  1       0     no
1374  3.548   0     0  1       0     no
1375  3.467   0     0  1       0     no
1376  3.548   0     0  1       0     no
1377  3.575   0     0  1       0     no
1378  3.413   0     0  1       0     no
1379  3.494   0     0  1       0     no
1380  2.383   0     0  1       0     no
1381  3.873   0     0  1       0     no
1382  2.600   0     0  1       0     no
1383  4.009   0     0  1       0     no
1384  2.871   0     0  1       0     no
1385  3.548   0     0  1       0     no
1386  3.981   0     0  1       0     no
1387  4.225   0     0  1       0     no
1388  4.469   0     0  1       0     no
1389  4.740   0     0  1       0     no
1390  3.900   0     0  1       0     no
1391  3.900   0     0  1       0     no
1392  2.979   0     0  1       0     no
1393  2.465   0     0  1       0     no
1394  1.002   0     0  1       0     no
1395  2.329   0     0  1       0     no
1396  2.302   0     0  1       0     no
1397  3.413   0     0  1       0     no
1398  3.386   0     0  1       0     no
1399  3.196   0     0  1       0     no
1400  3.250   0     0  1       0     no
1401  3.277   0     0  1       0     no
1402  3.494   0     0  1       0     no
1403  2.681   0     0  1       0     no
1404  3.223   0     0  1       0     no
1405  1.083   0     0  1       0     no
1406  6.474   0     0  1       0     no
1407  2.925   0     0  1       0     no
1408  3.467   0     0  1       0     no
1409  0.704   0     0  1       0     no
1410  3.331   0     0  1       0     no
1411  3.386   0     0  1       0     no
1412  3.006   0     0  1       0     no
1413  3.629   0     0  1       0     no
1414  3.792   0     0  1       0     no
1415  3.629   0     0  1       0     no
1416  3.765   0     0  1       0     no
1417 14.139   1     0  0       0    yes
1418 10.970   0     1  0       0  maybe
1419  1.164   0     0  1       0     no
1420  1.841   0     0  1       0     no
1421  6.772   0     0  1       0     no
1422 12.216   1     0  0       0    yes
1423  6.690   0     0  1       0     no
1424  2.871   0     0  1       0     no
1425  2.492   0     0  1       0     no
1426  3.927   0     0  1       0     no
1427  4.306   0     0  1       0     no
1428  2.979   0     0  1       0     no
1429  4.063   0     0  1       0     no
1430  4.252   0     0  1       0     no
1431  3.115   0     0  1       0     no
1432  3.006   0     0  1       0     no
1433  2.356   0     0  1       0     no
1434  5.119   0     0  1       0     no
1435  9.155   0     0  1       0     no
1436  3.521   0     0  1       0     no
1437  3.169   0     0  1       0     no
1438  0.975   0     0  1       0     no
1439  2.925   0     0  1       0     no
1440  3.683   0     0  1       0     no
1441  4.009   0     0  1       0     no
1442  4.686   0     0  1       0     no
1443  4.144   0     0  1       0     no
1444  4.090   0     0  1       0     no
1445  1.083   0     0  1       0     no
1446  2.410   0     0  1       0     no
1447  1.002   0     0  1       0     no
1448  1.841   0     0  1       0     no
1449  4.930   0     0  1       0     no
1450  3.033   0     0  1       0     no
1451  2.627   0     0  1       0     no
1452  2.383   0     0  1       0     no
1453  2.817   0     0  1       0     no
1454  4.469   0     0  1       0     no
1455  1.679   0     0  1       0     no
1456  4.117   0     0  1       0     no
1457  2.681   0     0  1       0     no
1458  3.142   0     0  1       0     no
1459  2.790   0     0  1       0     no
1460  3.711   0     0  1       0     no
1461  3.846   0     0  1       0     no
1462  4.279   0     0  1       0     no
1463  4.686   0     0  1       0     no
1464  8.559   0     0  1       0     no
1465  8.803   0     0  1       0     no
1466  2.708   0     0  1       0     no
1467  2.167   0     0  1       0     no
1468  3.386   0     0  1       0     no
1469  3.250   0     0  1       0     no
1470  3.846   0     0  1       0     no
1471  3.900   0     0  1       0     no
1472  3.900   0     0  1       0     no
1473  3.494   0     0  1       0     no
1474  3.494   0     0  1       0     no
1475  3.467   0     0  1       0     no
1476  3.223   0     0  1       0     no
1477  3.440   0     0  1       0     no
1478  7.367   0     0  1       0     no
1479  2.898   0     0  1       0     no
1480  2.383   0     0  1       0     no
1481  3.521   0     0  1       0     no
1482  3.954   0     0  1       0     no
1483  4.279   0     0  1       0     no
1484  3.900   0     0  1       0     no
1485  2.817   0     0  1       0     no
1486  4.659   0     0  1       0     no
1487  5.146   0     0  1       0     no
1488  4.713   0     0  1       0     no
1489  3.846   0     0  1       0     no
1490  9.074   0     0  1       0     no
1491  6.067   0     0  1       0     no
1492 13.435   1     0  0       0    yes
1493 15.304   1     0  0       0    yes
1494 14.031   1     0  0       0    yes
1495  9.155   0     0  1       0     no
1496  3.683   0     0  1       0     no
1497  3.115   0     0  1       0     no
1498  3.467   0     0  1       0     no
1499  3.467   0     0  1       0     no
1500  3.548   0     0  1       0     no
1501  6.419   0     0  1       0     no
1502  3.846   0     0  1       0     no
1503  3.440   0     0  1       0     no
1504  3.142   0     0  1       0     no
1505  2.681   0     0  1       0     no
1506  2.708   0     0  1       0     no
1507  2.925   0     0  1       0     no
1508  3.060   0     0  1       0     no
1509  3.006   0     0  1       0     no
1510  3.386   0     0  1       0     no
1511  4.036   0     0  1       0     no
1512  6.474   0     0  1       0     no
1513  6.311   0     0  1       0     no
1514  2.654   0     0  1       0     no
1515  2.031   0     0  1       0     no
1516  2.383   0     0  1       0     no
1517  2.762   0     0  1       0     no
1518  1.408   0     0  1       0     no
1519  2.410   0     0  1       0     no
1520  2.681   0     0  1       0     no
1521  2.437   0     0  1       0     no
1522  2.139   0     0  1       0     no
1523  3.467   0     0  1       0     no
1524  3.006   0     0  1       0     no
1525  3.819   0     0  1       0     no
1526  4.334   0     0  1       0     no
1527  3.629   0     0  1       0     no
1528  4.117   0     0  1       0     no
1529  8.072   0     0  1       0     no
1530  4.740   0     0  1       0     no
1531  5.065   0     0  1       0     no
1532  4.090   0     0  1       0     no
1533  4.306   0     0  1       0     no
1534  3.954   0     0  1       0     no
1535  1.435   0     0  1       0     no
1536  3.088   0     0  1       0     no
1537  3.277   0     0  1       0     no
1538  2.979   0     0  1       0     no
1539  3.683   0     0  1       0     no
1540  3.927   0     0  1       0     no
1541  6.988   0     0  1       0     no
1542  6.772   0     0  1       0     no
1543  4.225   0     0  1       0     no
1544  2.979   0     0  1       0     no
1545  2.410   0     0  1       0     no
1546  2.871   0     0  1       0     no
1547  2.952   0     0  1       0     no
1548  2.519   0     0  1       0     no
1549  3.250   0     0  1       0     no
1550  3.765   0     0  1       0     no
1551  3.819   0     0  1       0     no
1552  3.765   0     0  1       0     no
1553  3.711   0     0  1       0     no
1554  3.575   0     0  1       0     no
1555  3.927   0     0  1       0     no
1556  3.981   0     0  1       0     no
1557  4.036   0     0  1       0     no
1558  3.981   0     0  1       0     no
1559  2.790   0     0  1       0     no
1560  3.873   0     0  1       0     no
1561  3.981   0     0  1       0     no
1562  4.036   0     0  1       0     no
1563  4.063   0     0  1       0     no
1564  4.117   0     0  1       0     no
1565  4.117   0     0  1       0     no
1566  4.334   0     0  1       0     no
1567  4.388   0     0  1       0     no
1568  4.388   0     0  1       0     no
1569  4.415   0     0  1       0     no
1570  4.469   0     0  1       0     no
1571  4.496   0     0  1       0     no
1572  4.442   0     0  1       0     no
1573  4.361   0     0  1       0     no
1574  4.415   0     0  1       0     no
1575  4.388   0     0  1       0     no
1576  4.388   0     0  1       0     no
1577  4.415   0     0  1       0     no
1578  4.442   0     0  1       0     no
1579  4.523   0     0  1       0     no
1580  4.496   0     0  1       0     no
1581  2.356   0     0  1       0     no
1582  4.144   0     0  1       0     no
1583  2.979   0     0  1       0     no
1584  3.033   0     0  1       0     no
1585  3.033   0     0  1       0     no
1586  3.494   0     0  1       0     no
1587  2.925   0     0  1       0     no
1588  3.142   0     0  1       0     no
1589  3.331   0     0  1       0     no
1590  3.711   0     0  1       0     no
1591  2.817   0     0  1       0     no
1592  4.117   0     0  1       0     no
1593  3.006   0     0  1       0     no
1594  3.250   0     0  1       0     no
1595  3.575   0     0  1       0     no
1596  2.708   0     0  1       0     no
1597  3.250   0     0  1       0     no
1598  3.846   0     0  1       0     no
1599  3.575   0     0  1       0     no
1600  3.900   0     0  1       0     no
1601  3.548   0     0  1       0     no
1602  3.467   0     0  1       0     no
1603  3.738   0     0  1       0     no
1604  6.907   0     0  1       0     no
1605  3.792   0     0  1       0     no
1606  4.063   0     0  1       0     no
1607  3.954   0     0  1       0     no
1608  4.496   0     0  1       0     no
1609  4.334   0     0  1       0     no
1610  4.469   0     0  1       0     no
1611  3.927   0     0  1       0     no
1612  4.171   0     0  1       0     no
1613  3.467   0     0  1       0     no
1614  7.557   0     0  1       0     no
1615  3.223   0     0  1       0     no
1616  4.036   0     0  1       0     no
1617  3.927   0     0  1       0     no
1618  3.683   0     0  1       0     no
1619  3.656   0     0  1       0     no
1620  3.792   0     0  1       0     no
1621  3.765   0     0  1       0     no
1622  3.629   0     0  1       0     no
1623  3.846   0     0  1       0     no
1624  3.277   0     0  1       0     no
1625  1.110   0     0  1       0     no
1626  5.796   0     0  1       0     no
1627  2.275   0     0  1       0     no
1628  0.758   0     0  1       0     no
1629  0.541   0     1  0       0  maybe
1630  1.164   0     0  1       0     no
1631  4.550   0     0  1       0     no
1632  5.851   0     0  1       0     no
1633  3.575   0     0  1       0     no
1634  7.097   0     0  1       0     no
1635  2.627   0     0  1       0     no
1636  4.063   0     0  1       0     no
1637  4.036   0     0  1       0     no
1638  4.361   0     0  1       0     no
1639  4.496   0     0  1       0     no
1640  3.440   0     0  1       0     no
1641  3.981   0     0  1       0     no
1642  4.144   0     0  1       0     no
1643  4.063   0     0  1       0     no
1644  4.009   0     0  1       0     no
1645  3.981   0     0  1       0     no
1646  4.144   0     0  1       0     no
1647  0.704   0     0  1       0     no
1648  3.575   0     0  1       0     no
1649  3.575   0     0  1       0     no
1650  6.474   0     0  1       0     no
1651  1.896   0     0  1       0     no
1652  2.627   0     0  1       0     no
1653  3.954   0     0  1       0     no
1654  3.846   0     0  1       0     no
1655  4.063   0     0  1       0     no
1656  4.334   0     0  1       0     no
1657  4.469   0     0  1       0     no
1658  4.334   0     0  1       0     no
1659  4.469   0     0  1       0     no
1660  4.306   0     0  1       0     no
1661  4.415   0     0  1       0     no
1662  4.279   0     0  1       0     no
1663  4.279   0     0  1       0     no
1664  4.279   0     0  1       0     no
1665  4.306   0     0  1       0     no
1666  4.225   0     0  1       0     no
# [ reached getOption("max.print") -- omitted 335 rows ]
